<svg version="1.1"
     baseProfile="full"
     xmlns="http://www.w3.org/2000/svg">
	<polygon style="stroke:red;fill:white" points=" 0.00000E+00, 0.00000E+00  2.00000E+00, 0.00000E+00  2.00000E+00, 2.00000E+00  1.40000E+01, 2.00000E+00  1.40000E+01, 0.00000E+00  2.60000E+01, 0.00000E+00  2.60000E+01, 2.00000E+00  3.80000E+01, 2.00000E+00  3.80000E+01, 0.00000E+00  4.00000E+01, 0.00000E+00  4.00000E+01, 4.00000E+00  3.80000E+01, 4.00000E+00  3.80000E+01, 1.60000E+01  4.00000E+01, 1.60000E+01  4.00000E+01, 2.00000E+01  3.80000E+01, 2.00000E+01  3.80000E+01, 1.80000E+01  2.60000E+01, 1.80000E+01  2.60000E+01, 2.00000E+01  1.40000E+01, 2.00000E+01  1.40000E+01, 1.80000E+01  2.00000E+00, 1.80000E+01  2.00000E+00, 2.00000E+01  0.00000E+00, 2.00000E+01  0.00000E+00, 1.60000E+01  2.00000E+00, 1.60000E+01  2.00000E+00, 4.00000E+00  0.00000E+00, 4.00000E+00 "/>
	<polygon style="stroke:red;fill:white" points=" 4.50000E+01, 2.00000E+00  4.70000E+01, 2.00000E+00  4.70000E+01, 0.00000E+00  5.90000E+01, 0.00000E+00  5.90000E+01, 2.00000E+00  7.10000E+01, 2.00000E+00  7.10000E+01, 0.00000E+00  8.30000E+01, 0.00000E+00  8.30000E+01, 2.00000E+00  8.50000E+01, 2.00000E+00  8.50000E+01, 1.30000E+01  8.70000E+01, 1.30000E+01  8.70000E+01, 2.40000E+01  4.70000E+01, 2.40000E+01  4.70000E+01, 1.30000E+01  4.50000E+01, 1.30000E+01 "/>
	<polygon style="stroke:red;fill:white" points=" 9.00000E+01, 2.00000E+00  9.20000E+01, 2.00000E+00  9.20000E+01, 0.00000E+00  1.04000E+02, 0.00000E+00  1.04000E+02, 2.00000E+00  1.16000E+02, 2.00000E+00  1.16000E+02, 0.00000E+00  1.28000E+02, 0.00000E+00  1.28000E+02, 2.00000E+00  1.30000E+02, 2.00000E+00  1.30000E+02, 1.30000E+01  1.32000E+02, 1.30000E+01  1.32000E+02, 2.40000E+01  9.20000E+01, 2.40000E+01  9.20000E+01, 1.30000E+01  9.00000E+01, 1.30000E+01 "/>
	<polygon style="stroke:red;fill:white" points=" 1.37000E+02, 2.00000E+00  1.41000E+02, 2.00000E+00  1.41000E+02, 0.00000E+00  1.53000E+02, 0.00000E+00  1.53000E+02, 2.00000E+00  1.57000E+02, 2.00000E+00  1.57000E+02, 1.30000E+01  1.55000E+02, 1.30000E+01  1.55000E+02, 2.40000E+01  1.35000E+02, 2.40000E+01  1.35000E+02, 1.30000E+01  1.37000E+02, 1.30000E+01 "/>
	<polygon style="stroke:red;fill:white" points=" 1.62000E+02, 2.00000E+00  1.66000E+02, 2.00000E+00  1.66000E+02, 0.00000E+00  1.78000E+02, 0.00000E+00  1.78000E+02, 2.00000E+00  1.82000E+02, 2.00000E+00  1.82000E+02, 1.30000E+01  1.80000E+02, 1.30000E+01  1.80000E+02, 2.40000E+01  1.60000E+02, 2.40000E+01  1.60000E+02, 1.30000E+01  1.62000E+02, 1.30000E+01 "/>
	<polygon style="stroke:red;fill:white" points=" 0.00000E+00, 3.00000E+01  1.20000E+01, 3.00000E+01  1.20000E+01, 3.20000E+01  2.40000E+01, 3.20000E+01  2.40000E+01, 3.00000E+01  3.60000E+01, 3.00000E+01  3.60000E+01, 3.20000E+01  3.40000E+01, 3.20000E+01  3.40000E+01, 4.40000E+01  3.60000E+01, 4.40000E+01  3.60000E+01, 4.60000E+01  2.40000E+01, 4.60000E+01  2.40000E+01, 4.40000E+01  1.20000E+01, 4.40000E+01  1.20000E+01, 4.60000E+01  0.00000E+00, 4.60000E+01  0.00000E+00, 4.40000E+01  2.00000E+00, 4.40000E+01  2.00000E+00, 3.20000E+01  0.00000E+00, 3.20000E+01 "/>
	<polygon style="stroke:red;fill:white" points=" 4.10000E+01, 3.20000E+01  5.30000E+01, 3.20000E+01  5.30000E+01, 3.00000E+01  6.50000E+01, 3.00000E+01  6.50000E+01, 3.20000E+01  7.70000E+01, 3.20000E+01  7.70000E+01, 4.30000E+01  7.90000E+01, 4.30000E+01  7.90000E+01, 5.40000E+01  4.30000E+01, 5.40000E+01  4.30000E+01, 4.30000E+01  4.10000E+01, 4.30000E+01 "/>
	<polygon style="stroke:red;fill:white" points=" 8.20000E+01, 3.20000E+01  9.40000E+01, 3.20000E+01  9.40000E+01, 3.00000E+01  1.06000E+02, 3.00000E+01  1.06000E+02, 3.20000E+01  1.18000E+02, 3.20000E+01  1.18000E+02, 4.30000E+01  1.20000E+02, 4.30000E+01  1.20000E+02, 5.40000E+01  8.40000E+01, 5.40000E+01  8.40000E+01, 4.30000E+01  8.20000E+01, 4.30000E+01 "/>
	<polygon style="stroke:red;fill:white" points=" 1.25000E+02, 3.20000E+01  1.27000E+02, 3.20000E+01  1.27000E+02, 3.00000E+01  1.39000E+02, 3.00000E+01  1.39000E+02, 3.20000E+01  1.41000E+02, 3.20000E+01  1.41000E+02, 4.30000E+01  1.39000E+02, 4.30000E+01  1.39000E+02, 5.40000E+01  1.23000E+02, 5.40000E+01  1.23000E+02, 4.30000E+01  1.25000E+02, 4.30000E+01 "/>
	<polygon style="stroke:red;fill:white" points=" 1.46000E+02, 3.20000E+01  1.48000E+02, 3.20000E+01  1.48000E+02, 3.00000E+01  1.60000E+02, 3.00000E+01  1.60000E+02, 3.20000E+01  1.62000E+02, 3.20000E+01  1.62000E+02, 4.30000E+01  1.60000E+02, 4.30000E+01  1.60000E+02, 5.40000E+01  1.44000E+02, 5.40000E+01  1.44000E+02, 4.30000E+01  1.46000E+02, 4.30000E+01 "/>
	<polygon style="stroke:red;fill:white" points=" 0.00000E+00, 5.60000E+01  2.00000E+00, 5.60000E+01  2.00000E+00, 5.80000E+01  1.40000E+01, 5.80000E+01  1.40000E+01, 5.60000E+01  2.60000E+01, 5.60000E+01  2.60000E+01, 5.80000E+01  3.80000E+01, 5.80000E+01  3.80000E+01, 5.60000E+01  4.00000E+01, 5.60000E+01  4.00000E+01, 6.00000E+01  3.80000E+01, 6.00000E+01  3.80000E+01, 7.20000E+01  4.00000E+01, 7.20000E+01  4.00000E+01, 7.60000E+01  3.80000E+01, 7.60000E+01  3.80000E+01, 7.40000E+01  2.60000E+01, 7.40000E+01  2.60000E+01, 7.60000E+01  1.40000E+01, 7.60000E+01  1.40000E+01, 7.40000E+01  2.00000E+00, 7.40000E+01  2.00000E+00, 7.60000E+01  0.00000E+00, 7.60000E+01  0.00000E+00, 7.20000E+01  2.00000E+00, 7.20000E+01  2.00000E+00, 6.00000E+01  0.00000E+00, 6.00000E+01 "/>
	<polygon style="stroke:red;fill:white" points=" 4.50000E+01, 5.80000E+01  4.70000E+01, 5.80000E+01  4.70000E+01, 5.60000E+01  5.90000E+01, 5.60000E+01  5.90000E+01, 5.80000E+01  7.10000E+01, 5.80000E+01  7.10000E+01, 5.60000E+01  8.30000E+01, 5.60000E+01  8.30000E+01, 5.80000E+01  8.50000E+01, 5.80000E+01  8.50000E+01, 6.90000E+01  8.70000E+01, 6.90000E+01  8.70000E+01, 8.00000E+01  4.70000E+01, 8.00000E+01  4.70000E+01, 6.90000E+01  4.50000E+01, 6.90000E+01 "/>
	<polygon style="stroke:red;fill:white" points=" 9.00000E+01, 5.80000E+01  9.20000E+01, 5.80000E+01  9.20000E+01, 5.60000E+01  1.04000E+02, 5.60000E+01  1.04000E+02, 5.80000E+01  1.16000E+02, 5.80000E+01  1.16000E+02, 5.60000E+01  1.28000E+02, 5.60000E+01  1.28000E+02, 5.80000E+01  1.30000E+02, 5.80000E+01  1.30000E+02, 6.90000E+01  1.32000E+02, 6.90000E+01  1.32000E+02, 8.00000E+01  9.20000E+01, 8.00000E+01  9.20000E+01, 6.90000E+01  9.00000E+01, 6.90000E+01 "/>
	<polygon style="stroke:red;fill:white" points=" 1.37000E+02, 5.80000E+01  1.41000E+02, 5.80000E+01  1.41000E+02, 5.60000E+01  1.53000E+02, 5.60000E+01  1.53000E+02, 5.80000E+01  1.57000E+02, 5.80000E+01  1.57000E+02, 6.90000E+01  1.55000E+02, 6.90000E+01  1.55000E+02, 8.00000E+01  1.35000E+02, 8.00000E+01  1.35000E+02, 6.90000E+01  1.37000E+02, 6.90000E+01 "/>
	<polygon style="stroke:red;fill:white" points=" 1.62000E+02, 5.80000E+01  1.66000E+02, 5.80000E+01  1.66000E+02, 5.60000E+01  1.78000E+02, 5.60000E+01  1.78000E+02, 5.80000E+01  1.82000E+02, 5.80000E+01  1.82000E+02, 6.90000E+01  1.80000E+02, 6.90000E+01  1.80000E+02, 8.00000E+01  1.60000E+02, 8.00000E+01  1.60000E+02, 6.90000E+01  1.62000E+02, 6.90000E+01 "/>
</svg>
